************** MD PRODUCTION RESULTS **************
num_particles:      500
num_cells:        5
box_length:  1.000000000000E+01
volume:  1.000000000000E+03
density:  5.000000000000E-01
time_step:  1.000000000000E-04
output_interval:      100
total_steps:     500000
warmup_steps:       5000
-------------------- Averages --------------------
<Epot>: -1.664883154391E+03  std:  1.957998239094E+01
<Ekin>:  1.110041923259E+03  std:  1.957197913337E+01
<Etot>: -5.548412311320E+02  std:  3.132723227618E-02
<T>   :  1.480055897679E+00  std:  2.609597217780E-02
<P>   :  3.956911743961E-01  std:  1.128725805621E-01
-------------- Thermodynamic coefficients --------------
Temperature:  1.483021941562E+00  Pressure:  3.956911743961E-01
Ca_v:  9.752179636709E+02  Ce_v:  1.950435927342E+00
Ca_p:  1.246010706896E+03  Ce_p:  2.492021413791E+00
kappa_S:  7.484122047175E-02  kappa_T:  9.562268692623E-02
Gamma:  1.416976209765E+00
Alpha_E1: -5.897407240768E-01  Alpha_E2: -5.902700921948E-01
Alpha_S: -4.758716852724E-01  Alpha_P:  1.321372286794E-01
--------------------------------------------------------

